Code,Description
193200000X,Multi-Specialty
193400000X,Single Specialty
207K00000X,Allergy & Immunology
207KA0200X,Allergy & Immunology-Allergy
207KI0005X,Allergy & Immunology-Clinical & Laboratory Immunology
207L00000X,Anesthesiology
207LA0401X,Anesthesiology-Addiction Medicine
207LC0200X,Anesthesiology-Critical Care Medicine
207LH0002X,Anesthesiology-Hospice and Palliative Medicine
207LP2900X,Anesthesiology-Pain Medicine
207LP3000X,Anesthesiology-Pediatric Anesthesiology
207LP4000X,Anesthesiology-Physician Nutrition Specialist
208U00000X,Clinical Pharmacology
208C00000X,Colon & Rectal Surgery
207N00000X,Dermatology
207NI0002X,Dermatology-Clinical & Laboratory Dermatological Immunology
207ND0900X,Dermatology-Dermatopathology
207ND0101X,Dermatology-MOHS-Micrographic Surgery
207NP0225X,Dermatology-Pediatric Dermatology
207NS0135X,Dermatology-Procedural Dermatology
204R00000X,Electrodiagnostic Medicine
207P00000X,Emergency Medicine
207PE0004X,Emergency Medicine-Emergency Medical Services
207PH0002X,Emergency Medicine-Hospice and Palliative Medicine
207PT0002X,Emergency Medicine-Medical Toxicology
207PP0204X,Emergency Medicine-Pediatric Emergency Medicine
207PS0010X,Emergency Medicine-Sports Medicine
207PE0005X,Emergency Medicine-Undersea and Hyperbaric Medicine
207Q00000X,Family Medicine
207QA0401X,Family Medicine-Addiction Medicine
207QA0000X,Family Medicine-Adolescent Medicine
207QA0505X,Family Medicine-Adult Medicine
207QG0300X,Family Medicine-Geriatric Medicine
207QH0002X,Family Medicine-Hospice and Palliative Medicine
207QB0002X,Family Medicine-Obesity Medicine
207QP0002X,Family Medicine-Physician Nutrition Specialist
207QS1201X,Family Medicine-Sleep Medicine
207QS0010X,Family Medicine-Sports Medicine
208D00000X,General Practice
208M00000X,Hospitalist
202C00000X,Independent Medical Examiner
202D00000X,Integrative Medicine
207R00000X,Internal Medicine
207RA0401X,Internal Medicine-Addiction Medicine
207RA0000X,Internal Medicine-Adolescent Medicine
207RA0002X,Internal Medicine-Adult Congenital Heart Disease
207RA0001X,Internal Medicine-Advanced Heart Failure and Transplant Cardiology
207RA0201X,Internal Medicine-Allergy & Immunology
207RC0000X,Internal Medicine-Cardiovascular Disease
207RI0001X,Internal Medicine-Clinical & Laboratory Immunology
207RC0001X,Internal Medicine-Clinical Cardiac Electrophysiology
207RC0200X,Internal Medicine-Critical Care Medicine
207RE0101X,"Internal Medicine-Endocrinology, Diabetes & Metabolism"
207RG0100X,Internal Medicine-Gastroenterology
207RG0300X,Internal Medicine-Geriatric Medicine
207RH0000X,Internal Medicine-Hematology
207RH0003X,Internal Medicine-Hematology & Oncology
207RI0008X,Internal Medicine-Hepatology
207RH0002X,Internal Medicine-Hospice and Palliative Medicine
207RH0005X,Internal Medicine-Hypertension Specialist
207RI0200X,Internal Medicine-Infectious Disease
207RI0011X,Internal Medicine-Interventional Cardiology
207RM1200X,Internal Medicine-Magnetic Resonance Imaging (MRI)
207RX0202X,Internal Medicine-Medical Oncology
207RN0300X,Internal Medicine-Nephrology
207RB0002X,Internal Medicine-Obesity Medicine
207RP1002X,Internal Medicine-Physician Nutrition Specialist
207RP1001X,Internal Medicine-Pulmonary Disease
207RR0500X,Internal Medicine-Rheumatology
207RS0012X,Internal Medicine-Sleep Medicine
207RS0010X,Internal Medicine-Sports Medicine
207RT0003X,Internal Medicine-Transplant Hepatology
209800000X,Legal Medicine
207SG0202X,Medical Genetics-Clinical Biochemical Genetics
207SC0300X,Medical Genetics-Clinical Cytogenetics
207SG0201X,Medical Genetics-Clinical Genetics (M.D.)
207SG0203X,Medical Genetics-Clinical Molecular Genetics
207SG0207X,Medical Genetics-Medical Biochemical Genetics
207SM0001X,Medical Genetics-Molecular Genetic Pathology
207SG0205X,Medical Genetics-Ph.D. Medical Genetics
207T00000X,Neurological Surgery
204D00000X,Neuromusculoskeletal Medicine & OMM
204C00000X,"Neuromusculoskeletal Medicine, Sports Medicine"
207U00000X,Nuclear Medicine
207UN0903X,Nuclear Medicine-In Vivo & In Vitro Nuclear Medicine
207UN0901X,Nuclear Medicine-Nuclear Cardiology
207UN0902X,Nuclear Medicine-Nuclear Imaging & Therapy
207V00000X,Obstetrics & Gynecology
207VC0300X,Obstetrics & Gynecology-Complex Family Planning
207VC0200X,Obstetrics & Gynecology-Critical Care Medicine
207VF0040X,Obstetrics & Gynecology-Urogynecology and Reconstructive Pelvic Surgery
207VX0201X,Obstetrics & Gynecology-Gynecologic Oncology
207VG0400X,Obstetrics & Gynecology-Gynecology
207VH0002X,Obstetrics & Gynecology-Hospice and Palliative Medicine
207VM0101X,Obstetrics & Gynecology-Maternal & Fetal Medicine
207VB0002X,Obstetrics & Gynecology-Obesity Medicine
207VX0000X,Obstetrics & Gynecology-Obstetrics
207VE0102X,Obstetrics & Gynecology-Reproductive Endocrinology
207W00000X,Ophthalmology
207WX0120X,Ophthalmology-Cornea and External Diseases Specialist
207WX0009X,Ophthalmology-Glaucoma Specialist
207WX0109X,Ophthalmology-Neuro-ophthalmology
207WX0200X,Ophthalmology-Ophthalmic Plastic and Reconstructive Surgery
207WX0110X,Ophthalmology-Pediatric Ophthalmology and Strabismus Specialist
207WX0107X,Ophthalmology-Retina Specialist
207WX0108X,Ophthalmology-Uveitis and Ocular Inflammatory Disease
204E00000X,Oral & Maxillofacial Surgery
207X00000X,Orthopaedic Surgery
207XS0114X,Orthopaedic Surgery-Adult Reconstructive Orthopaedic Surgery
207XX0004X,Orthopaedic Surgery-Foot and Ankle Surgery
207XS0106X,Orthopaedic Surgery-Hand Surgery
207XS0117X,Orthopaedic Surgery-Orthopaedic Surgery of the Spine
207XX0801X,Orthopaedic Surgery-Orthopaedic Trauma
207XP3100X,Orthopaedic Surgery-Pediatric Orthopaedic Surgery
207XX0005X,Orthopaedic Surgery-Sports Medicine
207Y00000X,Otolaryngology
207YS0123X,Otolaryngology-Facial Plastic Surgery
207YX0602X,Otolaryngology-Otolaryngic Allergy
207YX0905X,Otolaryngology-Otolaryngology/Facial Plastic Surgery
207YX0901X,Otolaryngology-Otology & Neurotology
207YP0228X,Otolaryngology-Pediatric Otolaryngology
207YX0007X,Otolaryngology-Plastic Surgery within the Head & Neck
207YS0012X,Otolaryngology-Sleep Medicine
208VP0014X,Pain Medicine-Interventional Pain Medicine
208VP0000X,Pain Medicine-Pain Medicine
207ZP0101X,Pathology-Anatomic Pathology
207ZP0102X,Pathology-Anatomic Pathology & Clinical Pathology
207ZB0001X,Pathology-Blood Banking & Transfusion Medicine
207ZP0104X,Pathology-Chemical Pathology
207ZC0008X,Pathology-Clinical Informatics
207ZC0006X,Pathology-Clinical Pathology
207ZP0105X,Pathology-Clinical Pathology/Laboratory Medicine
207ZC0500X,Pathology-Cytopathology
207ZD0900X,Pathology-Dermatopathology
207ZF0201X,Pathology-Forensic Pathology
207ZH0000X,Pathology-Hematology
207ZI0100X,Pathology-Immunopathology
207ZM0300X,Pathology-Medical Microbiology
207ZP0007X,Pathology-Molecular Genetic Pathology
207ZN0500X,Pathology-Neuropathology
207ZP0213X,Pathology-Pediatric Pathology
208000000X,Pediatrics
2080A0000X,Pediatrics-Adolescent Medicine
2080C0008X,Pediatrics-Child Abuse Pediatrics
2080I0007X,Pediatrics-Clinical & Laboratory Immunology
2080P0006X,Pediatrics-Developmental - Behavioral Pediatrics
2080H0002X,Pediatrics-Hospice and Palliative Medicine
2080T0002X,Pediatrics-Medical Toxicology
2080N0001X,Pediatrics-Neonatal-Perinatal Medicine
2080P0008X,Pediatrics-Neurodevelopmental Disabilities
2080B0002X,Pediatrics-Obesity Medicine
2080P0201X,Pediatrics-Pediatric Allergy/Immunology
2080P0202X,Pediatrics-Pediatric Cardiology
2080P0203X,Pediatrics-Pediatric Critical Care Medicine
2080P0204X,Pediatrics-Pediatric Emergency Medicine
2080P0205X,Pediatrics-Pediatric Endocrinology
2080P0206X,Pediatrics-Pediatric Gastroenterology
2080P0207X,Pediatrics-Pediatric Hematology-Oncology
2080P0208X,Pediatrics-Pediatric Infectious Diseases
2080P0210X,Pediatrics-Pediatric Nephrology
2080P0214X,Pediatrics-Pediatric Pulmonology
2080P0216X,Pediatrics-Pediatric Rheumatology
2080T0004X,Pediatrics-Pediatric Transplant Hepatology
2080P1004X,Pediatrics-Physician Nutrition Specialist
2080S0012X,Pediatrics-Sleep Medicine
2080S0010X,Pediatrics-Sports Medicine
202K00000X,Phlebology
208100000X,Physical Medicine & Rehabilitation
2081P0301X,Physical Medicine & Rehabilitation-Brain Injury Medicine
2081H0002X,Physical Medicine & Rehabilitation-Hospice and Palliative Medicine
2081N0008X,Physical Medicine & Rehabilitation-Neuromuscular Medicine
2081P2900X,Physical Medicine & Rehabilitation-Pain Medicine
2081P0010X,Physical Medicine & Rehabilitation-Pediatric Rehabilitation Medicine
2081P0004X,Physical Medicine & Rehabilitation-Spinal Cord Injury Medicine
2081S0010X,Physical Medicine & Rehabilitation-Sports Medicine
208200000X,Plastic Surgery
2082S0099X,Plastic Surgery-Plastic Surgery Within the Head and Neck
2082S0105X,Plastic Surgery-Surgery of the Hand
2083A0300X,Preventive Medicine-Addiction Medicine
2083A0100X,Preventive Medicine-Aerospace Medicine
2083C0008X,Preventive Medicine-Clinical Informatics
2083T0002X,Preventive Medicine-Medical Toxicology
2083B0002X,Preventive Medicine-Obesity Medicine
2083X0100X,Preventive Medicine-Occupational Medicine
2083P0500X,Preventive Medicine-Preventive Medicine/Occupational Environmental Medicine
2083P0901X,Preventive Medicine-Public Health & General Preventive Medicine
2083S0010X,Preventive Medicine-Sports Medicine
2083P0011X,Preventive Medicine-Undersea and Hyperbaric Medicine
2084A0401X,Psychiatry & Neurology-Addiction Medicine
2084P0802X,Psychiatry & Neurology-Addiction Psychiatry
2084B0040X,Psychiatry & Neurology-Behavioral Neurology & Neuropsychiatry
2084P0301X,Psychiatry & Neurology-Brain Injury Medicine
2084P0804X,Psychiatry & Neurology-Child & Adolescent Psychiatry
2084N0600X,Psychiatry & Neurology-Clinical Neurophysiology
2084D0003X,Psychiatry & Neurology-Diagnostic Neuroimaging
2084E0001X,Psychiatry & Neurology-Epilepsy
2084F0202X,Psychiatry & Neurology-Forensic Psychiatry
2084P0805X,Psychiatry & Neurology-Geriatric Psychiatry
2084H0002X,Psychiatry & Neurology-Hospice and Palliative Medicine
2084A2900X,Psychiatry & Neurology-Neurocritical Care
2084P0005X,Psychiatry & Neurology-Neurodevelopmental Disabilities
2084N0400X,Psychiatry & Neurology-Neurology
2084N0402X,Psychiatry & Neurology-Neurology with Special Qualifications in Child Neurology
2084N0008X,Psychiatry & Neurology-Neuromuscular Medicine
2084B0002X,Psychiatry & Neurology-Obesity Medicine
2084P2900X,Psychiatry & Neurology-Pain Medicine
2084P0800X,Psychiatry & Neurology-Psychiatry
2084P0015X,Psychiatry & Neurology-Psychosomatic Medicine
2084S0012X,Psychiatry & Neurology-Sleep Medicine
2084S0010X,Psychiatry & Neurology-Sports Medicine
2084V0102X,Psychiatry & Neurology-Vascular Neurology
2085B0100X,Radiology-Body Imaging
2085D0003X,Radiology-Diagnostic Neuroimaging
2085R0202X,Radiology-Diagnostic Radiology
2085U0001X,Radiology-Diagnostic Ultrasound
2085H0002X,Radiology-Hospice and Palliative Medicine
2085N0700X,Radiology-Neuroradiology
2085N0904X,Radiology-Nuclear Radiology
2085P0229X,Radiology-Pediatric Radiology
2085R0001X,Radiology-Radiation Oncology
2085R0205X,Radiology-Radiological Physics
2085R0203X,Radiology-Therapeutic Radiology
2085R0204X,Radiology-Vascular & Interventional Radiology
208600000X,Surgery
2086H0002X,Surgery-Hospice and Palliative Medicine
2086S0120X,Surgery-Pediatric Surgery
2086P0122X,Surgery-Physician Nutrition Specialist
2086S0122X,Surgery-Plastic and Reconstructive Surgery
2086S0105X,Surgery-Surgery of the Hand
2086S0102X,Surgery-Surgical Critical Care
2086X0206X,Surgery-Surgical Oncology
2086S0127X,Surgery-Trauma Surgery
2086S0129X,Surgery-Vascular Surgery
208G00000X,Thoracic Surgery (Cardiothoracic Vascular Surgery)
204F00000X,Transplant Surgery
208800000X,Urology
2088F0040X,Urology-Urogynecology and Reconstructive Pelvic Surgery
2088P0231X,Urology-Pediatric Urology
106E00000X,Assistant Behavior Analyst
106S00000X,Behavior Technician
103K00000X,Behavior Analyst
103G00000X,Clinical Neuropsychologist
103GC0700X,Clinical Neuropsychologist-Clinical
101Y00000X,Counselor
101YA0400X,Counselor-Addiction (Substance Use Disorder)
101YM0800X,Counselor-Mental Health
101YP1600X,Counselor-Pastoral
101YP2500X,Counselor-Professional
101YS0200X,Counselor-School
101200000X,Drama Therapist
106H00000X,Marriage & Family Therapist
102X00000X,Poetry Therapist
102L00000X,Psychoanalyst
103T00000X,Psychologist
103TA0400X,Psychologist-Addiction (Substance Use Disorder)
103TA0700X,Psychologist-Adult Development & Aging
103TC0700X,Psychologist-Clinical
103TC2200X,Psychologist-Clinical Child & Adolescent
103TB0200X,Psychologist-Cognitive & Behavioral
103TC1900X,Psychologist-Counseling
103TE1000X,Psychologist-Educational
103TE1100X,Psychologist-Exercise & Sports
103TF0000X,Psychologist-Family
103TF0200X,Psychologist-Forensic
103TP2701X,Psychologist-Group Psychotherapy
103TH0004X,Psychologist-Health
103TH0100X,Psychologist-Health Service
103TM1700X,Psychologist-Men & Masculinity
103TM1800X,Psychologist-Intellectual & Developmental Disabilities
103TP0016X,Psychologist-Prescribing (Medical)
103TP0814X,Psychologist-Psychoanalysis
103TP2700X,Psychologist-Psychotherapy
103TR0400X,Psychologist-Rehabilitation
103TS0200X,Psychologist-School
103TW0100X,Psychologist-Women
104100000X,Social Worker
1041C0700X,Social Worker-Clinical
1041S0200X,Social Worker-School
111N00000X,Chiropractor
111NI0013X,Chiropractor-Independent Medical Examiner
111NI0900X,Chiropractor-Internist
111NN0400X,Chiropractor-Neurology
111NN1001X,Chiropractor-Nutrition
111NX0100X,Chiropractor-Occupational Health
111NX0800X,Chiropractor-Orthopedic
111NP0017X,Chiropractor-Pediatric Chiropractor
111NR0200X,Chiropractor-Radiology
111NR0400X,Chiropractor-Rehabilitation
111NS0005X,Chiropractor-Sports Physician
111NT0100X,Chiropractor-Thermography
125K00000X,Advanced Practice Dental Therapist
126800000X,Dental Assistant
124Q00000X,Dental Hygienist
126900000X,Dental Laboratory Technician
125J00000X,Dental Therapist
122300000X,Dentist
1223D0004X,Dentist-Dental Anesthesiology
1223D0001X,Dentist-Dental Public Health
1223E0200X,Dentist-Endodontics
1223G0001X,Dentist-General Practice
1223P0106X,Dentist-Oral and Maxillofacial Pathology
1223X0008X,Dentist-Oral and Maxillofacial Radiology
1223S0112X,Dentist-Oral and Maxillofacial Surgery
125Q00000X,Dentist-Oral Medicine
1223X2210X,Dentist-Orofacial Pain
1223X0400X,Dentist-Orthodontics and Dentofacial Orthopedics
1223P0221X,Dentist-Pediatric Dentistry
1223P0300X,Dentist-Periodontics
1223P0700X,Dentist-Prosthodontics
122400000X,Denturist
132700000X,Dietary Manager
136A00000X,"Dietetic Technician, Registered"
133V00000X,"Dietitian, Registered"
133VN1101X,"Dietitian, Registered-Nutrition, Gerontological"
133VN1006X,"Dietitian, Registered-Nutrition, Metabolic"
133VN1201X,"Dietitian, Registered-Nutrition, Obesity and Weight Management"
133VN1301X,"Dietitian, Registered-Nutrition, Oncology"
133VN1004X,"Dietitian, Registered-Nutrition, Pediatric"
133VN1401X,"Dietitian, Registered-Nutrition, Pediatric Critical Care"
133VN1005X,"Dietitian, Registered-Nutrition, Renal"
133VN1501X,"Dietitian, Registered-Nutrition, Sports Dietetics"
133N00000X,Nutritionist
133NN1002X,"Nutritionist-Nutrition, Education"
146N00000X,"Emergency Medical Technician, Basic"
146M00000X,"Emergency Medical Technician, Intermediate"
146L00000X,"Emergency Medical Technician, Paramedic"
146D00000X,Personal Emergency Response Attendant
152W00000X,Optometrist
152WC0802X,Optometrist-Corneal and Contact Management
152WL0500X,Optometrist-Low Vision Rehabilitation
152WX0102X,Optometrist-Occupational Vision
152WP0200X,Optometrist-Pediatrics
152WS0006X,Optometrist-Sports Vision
152WV0400X,Optometrist-Vision Therapy
156F00000X,Technician/Technologist
156FC0800X,Technician/Technologist-Contact Lens
156FC0801X,Technician/Technologist-Contact Lens Fitter
156FX1700X,Technician/Technologist-Ocularist
156FX1100X,Technician/Technologist-Ophthalmic
156FX1101X,Technician/Technologist-Ophthalmic Assistant
156FX1800X,Technician/Technologist-Optician
156FX1201X,Technician/Technologist-Optometric Assistant
156FX1202X,Technician/Technologist-Optometric Technician
156FX1900X,Technician/Technologist-Orthoptist
164W00000X,Licensed Practical Nurse
167G00000X,Licensed Psychiatric Technician
164X00000X,Licensed Vocational Nurse
163W00000X,Registered Nurse
163WA0400X,Registered Nurse-Addiction (Substance Use Disorder)
163WA2000X,Registered Nurse-Administrator
163WP2201X,Registered Nurse-Ambulatory Care
163WC3500X,Registered Nurse-Cardiac Rehabilitation
163WC0400X,Registered Nurse-Case Management
163WC1400X,Registered Nurse-College Health
163WC1500X,Registered Nurse-Community Health
163WC2100X,Registered Nurse-Continence Care
163WC1600X,Registered Nurse-Continuing Education/Staff Development
163WC0200X,Registered Nurse-Critical Care Medicine
163WD0400X,Registered Nurse-Diabetes Educator
163WD1100X,"Registered Nurse-Dialysis, Peritoneal"
163WE0003X,Registered Nurse-Emergency
163WE0900X,Registered Nurse-Enterostomal Therapy
163WF0300X,Registered Nurse-Flight
163WG0100X,Registered Nurse-Gastroenterology
163WG0000X,Registered Nurse-General Practice
163WG0600X,Registered Nurse-Gerontology
163WH0500X,Registered Nurse-Hemodialysis
163WH0200X,Registered Nurse-Home Health
163WH1000X,Registered Nurse-Hospice
163WI0600X,Registered Nurse-Infection Control
163WI0500X,Registered Nurse-Infusion Therapy
163WL0100X,Registered Nurse-Lactation Consultant
163WM0102X,Registered Nurse-Maternal Newborn
163WM0705X,Registered Nurse-Medical-Surgical
163WN0002X,Registered Nurse-Neonatal Intensive Care
163WN0003X,"Registered Nurse-Neonatal, Low-Risk"
163WN0300X,Registered Nurse-Nephrology
163WN0800X,Registered Nurse-Neuroscience
163WM1400X,Registered Nurse-Nurse Massage Therapist (NMT)
163WN1003X,Registered Nurse-Nutrition Support
163WX0002X,"Registered Nurse-Obstetric, High-Risk"
163WX0003X,"Registered Nurse-Obstetric, Inpatient"
163WX0106X,Registered Nurse-Occupational Health
163WX0200X,Registered Nurse-Oncology
163WX1100X,Registered Nurse-Ophthalmic
163WX0800X,Registered Nurse-Orthopedic
163WX1500X,Registered Nurse-Ostomy Care
163WX0601X,Registered Nurse-Otorhinolaryngology & Head-Neck
163WP0000X,Registered Nurse-Pain Management
163WP0218X,Registered Nurse-Pediatric Oncology
163WP0200X,Registered Nurse-Pediatrics
163WP1700X,Registered Nurse-Perinatal
163WS0121X,Registered Nurse-Plastic Surgery
163WP0808X,Registered Nurse-Psychiatric/Mental Health
163WP0809X,"Registered Nurse-Psychiatric/Mental Health, Adult"
163WP0807X,"Registered Nurse-Psychiatric/Mental Health, Child & Adolescent"
163WR0006X,Registered Nurse-Registered Nurse First Assistant
163WR0400X,Registered Nurse-Rehabilitation
163WR1000X,Registered Nurse-Reproductive Endocrinology/Infertility
163WS0200X,Registered Nurse-School
163WU0100X,Registered Nurse-Urology
163WW0101X,"Registered Nurse-Women's Health Care, Ambulatory"
163WW0000X,Registered Nurse-Wound Care
372600000X,Adult Companion
372500000X,Chore Provider
373H00000X,Day Training/Habilitation Specialist
374J00000X,Doula
374U00000X,Home Health Aide
376J00000X,Homemaker
376K00000X,Nurse's Aide
376G00000X,Nursing Home Administrator
374T00000X,Religious Nonmedical Nursing Personnel
374K00000X,Religious Nonmedical Practitioner
374700000X,Technician
3747A0650X,Technician-Attendant Care Provider
3747P1801X,Technician-Personal Care Attendant
171100000X,Acupuncturist
171M00000X,Case Manager/Care Coordinator
174V00000X,Clinical Ethicist
172V00000X,Community Health Worker
171W00000X,Contractor
171WH0202X,Contractor-Home Modifications
171WV0202X,Contractor-Vehicle Modifications
172A00000X,Driver
176P00000X,Funeral Director
170300000X,"Genetic Counselor, MS"
171400000X,Health & Wellness Coach
174H00000X,Health Educator
175L00000X,Homeopath
171R00000X,Interpreter
174N00000X,"Lactation Consultant, Non-RN"
175M00000X,"Midwife, Lay"
173000000X,Legal Medicine
172M00000X,Mechanotherapist
176B00000X,Midwife
171000000X,Military Health Care Provider
1710I1002X,Military Health Care Provider-Independent Duty Corpsman
1710I1003X,Military Health Care Provider-Independent Duty Medical Technicians
172P00000X,Naprapath
175F00000X,Naturopath
175T00000X,Peer Specialist
170100000X,"Medical Genetics, Ph.D. Medical Genetics"
405300000X,Prevention Professional
173C00000X,Reflexologist
173F00000X,"Sleep Specialist, PhD"
174400000X,Specialist
1744G0900X,Specialist-Graphics Designer
1744P3200X,Specialist-Prosthetics Case Management
1744R1103X,Specialist-Research Data Abstracter/Coder
1744R1102X,Specialist-Research Study
174M00000X,Veterinarian
174MM1900X,Veterinarian-Medical Research
183500000X,Pharmacist
1835P2201X,Pharmacist-Ambulatory Care
1835C0206X,Pharmacist-Cardiology
1835C0207X,Pharmacist-Compounded Sterile Preparations
1835C0205X,Pharmacist-Critical Care
1835E0208X,Pharmacist-Emergency Medicine
1835G0000X,Pharmacist-General Practice
1835G0303X,Pharmacist-Geriatric
1835I0206X,Pharmacist-Infectious Diseases
1835N0905X,Pharmacist-Nuclear
1835N1003X,Pharmacist-Nutrition Support
1835X0200X,Pharmacist-Oncology
1835P0200X,Pharmacist-Pediatrics
1835P0018X,Pharmacist-Pharmacist Clinician (PhC)/ Clinical Pharmacy Specialist
1835P1200X,Pharmacist-Pharmacotherapy
1835P1300X,Pharmacist-Psychiatric
1835S0206X,Pharmacist-Solid Organ Transplant
183700000X,Pharmacy Technician
367A00000X,Advanced Practice Midwife
367H00000X,Anesthesiologist Assistant
364S00000X,Clinical Nurse Specialist
364SA2100X,Clinical Nurse Specialist-Acute Care
364SA2200X,Clinical Nurse Specialist-Adult Health
364SC2300X,Clinical Nurse Specialist-Chronic Care
364SC1501X,Clinical Nurse Specialist-Community Health/Public Health
364SC0200X,Clinical Nurse Specialist-Critical Care Medicine
364SE0003X,Clinical Nurse Specialist-Emergency
364SE1400X,Clinical Nurse Specialist-Ethics
364SF0001X,Clinical Nurse Specialist-Family Health
364SG0600X,Clinical Nurse Specialist-Gerontology
364SH1100X,Clinical Nurse Specialist-Holistic
364SH0200X,Clinical Nurse Specialist-Home Health
364SI0800X,Clinical Nurse Specialist-Informatics
364SL0600X,Clinical Nurse Specialist-Long-Term Care
364SM0705X,Clinical Nurse Specialist-Medical-Surgical
364SN0000X,Clinical Nurse Specialist-Neonatal
364SN0800X,Clinical Nurse Specialist-Neuroscience
364SX0106X,Clinical Nurse Specialist-Occupational Health
364SX0200X,Clinical Nurse Specialist-Oncology
364SX0204X,"Clinical Nurse Specialist-Oncology, Pediatrics"
364SP0200X,Clinical Nurse Specialist-Pediatrics
364SP1700X,Clinical Nurse Specialist-Perinatal
364SP2800X,Clinical Nurse Specialist-Perioperative
364SP0808X,Clinical Nurse Specialist-Psychiatric/Mental Health
364SP0809X,"Clinical Nurse Specialist-Psychiatric/Mental Health, Adult"
364SP0807X,"Clinical Nurse Specialist-Psychiatric/Mental Health, Child & Adolescent"
364SP0810X,"Clinical Nurse Specialist-Psychiatric/Mental Health, Child & Family"
364SP0811X,"Clinical Nurse Specialist-Psychiatric/Mental Health, Chronically Ill"
364SP0812X,"Clinical Nurse Specialist-Psychiatric/Mental Health, Community"
364SP0813X,"Clinical Nurse Specialist-Psychiatric/Mental Health, Geropsychiatric"
364SR0400X,Clinical Nurse Specialist-Rehabilitation
364SS0200X,Clinical Nurse Specialist-School
364ST0500X,Clinical Nurse Specialist-Transplantation
364SW0102X,Clinical Nurse Specialist-Women's Health
367500000X,"Nurse Anesthetist, Certified Registered"
363L00000X,Nurse Practitioner
363LA2100X,Nurse Practitioner-Acute Care
363LA2200X,Nurse Practitioner-Adult Health
363LC1500X,Nurse Practitioner-Community Health
363LC0200X,Nurse Practitioner-Critical Care Medicine
363LF0000X,Nurse Practitioner-Family
363LG0600X,Nurse Practitioner-Gerontology
363LN0000X,Nurse Practitioner-Neonatal
363LN0005X,"Nurse Practitioner-Neonatal, Critical Care"
363LX0001X,Nurse Practitioner-Obstetrics & Gynecology
363LX0106X,Nurse Practitioner-Occupational Health
363LP0200X,Nurse Practitioner-Pediatrics
363LP0222X,"Nurse Practitioner-Pediatrics, Critical Care"
363LP1700X,Nurse Practitioner-Perinatal
363LP2300X,Nurse Practitioner-Primary Care
363LP0808X,Nurse Practitioner-Psychiatric/Mental Health
363LS0200X,Nurse Practitioner-School
363LW0102X,Nurse Practitioner-Women's Health
363A00000X,Physician Assistant
363AM0700X,Physician Assistant-Medical
363AS0400X,Physician Assistant-Surgical
211D00000X,"Assistant, Podiatric"
213E00000X,Podiatrist
213ES0103X,Podiatrist-Foot & Ankle Surgery
213ES0131X,Podiatrist-Foot Surgery
213EG0000X,Podiatrist-General Practice
213EP1101X,Podiatrist-Primary Podiatric Medicine
213EP0504X,Podiatrist-Public Medicine
213ER0200X,Podiatrist-Radiology
213ES0000X,Podiatrist-Sports Medicine
229N00000X,Anaplastologist
221700000X,Art Therapist
224Y00000X,Clinical Exercise Physiologist
225600000X,Dance Therapist
222Q00000X,Developmental Therapist
226300000X,Kinesiotherapist
225700000X,Massage Therapist
224900000X,Mastectomy Fitter
225A00000X,Music Therapist
225X00000X,Occupational Therapist
225XR0403X,Occupational Therapist-Driving and Community Mobility
225XE0001X,Occupational Therapist-Environmental Modification
225XE1200X,Occupational Therapist-Ergonomics
225XF0002X,"Occupational Therapist-Feeding, Eating & Swallowing"
225XG0600X,Occupational Therapist-Gerontology
225XH1200X,Occupational Therapist-Hand
225XH1300X,Occupational Therapist-Human Factors
225XL0004X,Occupational Therapist-Low Vision
225XM0800X,Occupational Therapist-Mental Health
225XN1300X,Occupational Therapist-Neurorehabilitation
225XP0200X,Occupational Therapist-Pediatrics
225XP0019X,Occupational Therapist-Physical Rehabilitation
224Z00000X,Occupational Therapy Assistant
224ZR0403X,Occupational Therapy Assistant-Driving and Community Mobility
224ZE0001X,Occupational Therapy Assistant-Environmental Modification
224ZF0002X,"Occupational Therapy Assistant-Feeding, Eating & Swallowing"
224ZL0004X,Occupational Therapy Assistant-Low Vision
225000000X,Orthotic Fitter
222Z00000X,Orthotist
224L00000X,Pedorthist
225100000X,Physical Therapist
2251C2600X,Physical Therapist-Cardiopulmonary
2251E1300X,"Physical Therapist-Electrophysiology, Clinical"
2251E1200X,Physical Therapist-Ergonomics
2251G0304X,Physical Therapist-Geriatrics
2251H1200X,Physical Therapist-Hand
2251H1300X,Physical Therapist-Human Factors
2251N0400X,Physical Therapist-Neurology
2251X0800X,Physical Therapist-Orthopedic
2251P0200X,Physical Therapist-Pediatrics
2251S0007X,Physical Therapist-Sports
225200000X,Physical Therapy Assistant
224P00000X,Prosthetist
225B00000X,Pulmonary Function Technologist
225800000X,Recreation Therapist
226000000X,Recreational Therapist Assistant
225C00000X,Rehabilitation Counselor
225CA2400X,Rehabilitation Counselor-Assistive Technology Practitioner
225CA2500X,Rehabilitation Counselor-Assistive Technology Supplier
225CX0006X,Rehabilitation Counselor-Orientation and Mobility Training Provider
225400000X,Rehabilitation Practitioner
227800000X,"Respiratory Therapist, Certified"
2278C0205X,"Respiratory Therapist, Certified-Critical Care"
2278E1000X,"Respiratory Therapist, Certified-Educational"
2278E0002X,"Respiratory Therapist, Certified-Emergency Care"
2278G1100X,"Respiratory Therapist, Certified-General Care"
2278G0305X,"Respiratory Therapist, Certified-Geriatric Care"
2278H0200X,"Respiratory Therapist, Certified-Home Health"
2278P3900X,"Respiratory Therapist, Certified-Neonatal/Pediatrics"
2278P3800X,"Respiratory Therapist, Certified-Palliative/Hospice"
2278P4000X,"Respiratory Therapist, Certified-Patient Transport"
2278P1004X,"Respiratory Therapist, Certified-Pulmonary Diagnostics"
2278P1006X,"Respiratory Therapist, Certified-Pulmonary Function Technologist"
2278P1005X,"Respiratory Therapist, Certified-Pulmonary Rehabilitation"
2278S1500X,"Respiratory Therapist, Certified-SNF/Subacute Care"
227900000X,"Respiratory Therapist, Registered"
2279C0205X,"Respiratory Therapist, Registered-Critical Care"
2279E1000X,"Respiratory Therapist, Registered-Educational"
2279E0002X,"Respiratory Therapist, Registered-Emergency Care"
2279G1100X,"Respiratory Therapist, Registered-General Care"
2279G0305X,"Respiratory Therapist, Registered-Geriatric Care"
2279H0200X,"Respiratory Therapist, Registered-Home Health"
2279P3900X,"Respiratory Therapist, Registered-Neonatal/Pediatrics"
2279P3800X,"Respiratory Therapist, Registered-Palliative/Hospice"
2279P4000X,"Respiratory Therapist, Registered-Patient Transport"
2279P1004X,"Respiratory Therapist, Registered-Pulmonary Diagnostics"
2279P1006X,"Respiratory Therapist, Registered-Pulmonary Function Technologist"
2279P1005X,"Respiratory Therapist, Registered-Pulmonary Rehabilitation"
2279S1500X,"Respiratory Therapist, Registered-SNF/Subacute Care"
225500000X,Specialist/Technologist
2255A2300X,Specialist/Technologist-Athletic Trainer
2255R0406X,"Specialist/Technologist-Rehabilitation, Blind"
231H00000X,Audiologist
231HA2400X,Audiologist-Assistive Technology Practitioner
231HA2500X,Audiologist-Assistive Technology Supplier
237600000X,Audiologist-Hearing Aid Fitter
237700000X,Hearing Instrument Specialist
235500000X,Specialist/Technologist
2355A2700X,Specialist/Technologist-Audiology Assistant
2355S0801X,Specialist/Technologist-Speech-Language Assistant
235Z00000X,Speech-Language Pathologist
390200000X,Student in an Organized Health Care Education/Training Program
242T00000X,Perfusionist
247100000X,Radiologic Technologist
2471B0102X,Radiologic Technologist-Bone Densitometry
2471C1106X,Radiologic Technologist-Cardiac-Interventional Technology
2471C1101X,Radiologic Technologist-Cardiovascular-Interventional Technology
2471C3401X,Radiologic Technologist-Computed Tomography
2471M1202X,Radiologic Technologist-Magnetic Resonance Imaging
2471M2300X,Radiologic Technologist-Mammography
2471N0900X,Radiologic Technologist-Nuclear Medicine Technology
2471Q0001X,Radiologic Technologist-Quality Management
2471R0002X,Radiologic Technologist-Radiation Therapy
2471C3402X,Radiologic Technologist-Radiography
2471S1302X,Radiologic Technologist-Sonography
2471V0105X,Radiologic Technologist-Vascular Sonography
2471V0106X,Radiologic Technologist-Vascular-Interventional Technology
243U00000X,Radiology Practitioner Assistant
246X00000X,Specialist/Technologist Cardiovascular
246XC2901X,Specialist/Technologist Cardiovascular-Cardiovascular Invasive Specialist
246XS1301X,Specialist/Technologist Cardiovascular-Sonography
246XC2903X,Specialist/Technologist Cardiovascular-Vascular Specialist
246Y00000X,"Specialist/Technologist, Health Information"
246YC3301X,"Specialist/Technologist, Health Information-Coding Specialist, Hospital Based"
246YC3302X,"Specialist/Technologist, Health Information-Coding Specialist, Physician Office Based"
246YR1600X,"Specialist/Technologist, Health Information-Registered Record Administrator"
246Z00000X,"Specialist/Technologist, Other"
246ZA2600X,"Specialist/Technologist, Other-Art, Medical"
246ZB0500X,"Specialist/Technologist, Other-Biochemist"
246ZB0301X,"Specialist/Technologist, Other-Biomedical Engineering"
246ZB0302X,"Specialist/Technologist, Other-Biomedical Photographer"
246ZB0600X,"Specialist/Technologist, Other-Biostatistician"
246ZE0500X,"Specialist/Technologist, Other-EEG"
246ZE0600X,"Specialist/Technologist, Other-Electroneurodiagnostic"
246ZG1000X,"Specialist/Technologist, Other-Geneticist, Medical (PhD)"
246ZG0701X,"Specialist/Technologist, Other-Graphics Methods"
246ZI1000X,"Specialist/Technologist, Other-Illustration, Medical"
246ZN0300X,"Specialist/Technologist, Other-Nephrology"
246ZX2200X,"Specialist/Technologist, Other-Orthopedic Assistant"
246ZC0007X,"Specialist/Technologist, Other-Surgical Assistant"
246ZS0410X,"Specialist/Technologist, Other-Surgical Technologist"
246Q00000X,"Specialist/Technologist, Pathology"
246QB0000X,"Specialist/Technologist, Pathology-Blood Banking"
246QC1000X,"Specialist/Technologist, Pathology-Chemistry"
246QC2700X,"Specialist/Technologist, Pathology-Cytotechnology"
246QH0401X,"Specialist/Technologist, Pathology-Hemapheresis Practitioner"
246QH0000X,"Specialist/Technologist, Pathology-Hematology"
246QH0600X,"Specialist/Technologist, Pathology-Histology"
246QI0000X,"Specialist/Technologist, Pathology-Immunology"
246QL0900X,"Specialist/Technologist, Pathology-Laboratory Management"
246QL0901X,"Specialist/Technologist, Pathology-Laboratory Management, Diplomate"
246QM0706X,"Specialist/Technologist, Pathology-Medical Technologist"
246QM0900X,"Specialist/Technologist, Pathology-Microbiology"
246W00000X,"Technician, Cardiology"
247000000X,"Technician, Health Information"
2470A2800X,"Technician, Health Information-Assistant Record Technician"
247200000X,"Technician, Other"
2472B0301X,"Technician, Other-Biomedical Engineering"
2472D0500X,"Technician, Other-Darkroom"
2472E0500X,"Technician, Other-EEG"
2472R0900X,"Technician, Other-Renal Dialysis"
2472V0600X,"Technician, Other-Veterinary"
246R00000X,"Technician, Pathology"
247ZC0005X,"Technician, Pathology-Clinical Laboratory Director, Non-physician"
246RH0600X,"Technician, Pathology-Histology"
246RM2200X,"Technician, Pathology-Medical Laboratory"
246RP1900X,"Technician, Pathology-Phlebotomy"
251B00000X,Case Management
251S00000X,Community/Behavioral Health
251C00000X,"Day Training, Developmentally Disabled Services"
252Y00000X,Early Intervention Provider Agency
253J00000X,Foster Care Agency
251E00000X,Home Health
251F00000X,Home Infusion
251G00000X,"Hospice Care, Community Based"
253Z00000X,In Home Supportive Care
251300000X,Local Education Agency (LEA)
251J00000X,Nursing Care
251T00000X,Program of All-Inclusive Care for the Elderly (PACE) Provider Organization
251K00000X,Public Health or Welfare
251X00000X,Supports Brokerage
251V00000X,Voluntary or Charitable
261Q00000X,Clinic/Center
261QM0855X,Clinic/Center-Adolescent and Children Mental Health
261QA0600X,Clinic/Center-Adult Day Care
261QM0850X,Clinic/Center-Adult Mental Health
261QA0005X,Clinic/Center-Ambulatory Family Planning Facility
261QA0006X,Clinic/Center-Ambulatory Fertility Facility
261QA1903X,Clinic/Center-Ambulatory Surgical
261QA0900X,Clinic/Center-Amputee
261QA3000X,Clinic/Center-Augmentative Communication
261QB0400X,Clinic/Center-Birthing
261QC1500X,Clinic/Center-Community Health
261QC1800X,Clinic/Center-Corporate Health
261QC0050X,Clinic/Center-Critical Access Hospital
261QD0000X,Clinic/Center-Dental
261QD1600X,Clinic/Center-Developmental Disabilities
261QE0002X,Clinic/Center-Emergency Care
261QE0700X,Clinic/Center-End-Stage Renal Disease (ESRD) Treatment
261QE0800X,Clinic/Center-Endoscopy
261QF0050X,"Clinic/Center-Family Planning, Non-Surgical"
261QF0400X,Clinic/Center-Federally Qualified Health Center (FQHC)
261QG0250X,Clinic/Center-Genetics
261QH0100X,Clinic/Center-Health Service
261QH0700X,Clinic/Center-Hearing and Speech
261QI0500X,Clinic/Center-Infusion Therapy
261QL0400X,Clinic/Center-Lithotripsy
261QM1200X,Clinic/Center-Magnetic Resonance Imaging (MRI)
261QM2500X,Clinic/Center-Medical Specialty
261QM3000X,Clinic/Center-Medically Fragile Infants and Children Day Care
261QM0801X,Clinic/Center-Mental Health (Including Community Mental Health Center)
261QM2800X,Clinic/Center-Methadone
261QM1000X,Clinic/Center-Migrant Health
261QM1103X,Clinic/Center-Military Ambulatory Procedure Visits Operational (Transportable)
261QM1101X,Clinic/Center-Military and U.S. Coast Guard Ambulatory Procedure
261QM1102X,Clinic/Center-Military Outpatient Operational (Transportable) Component
261QM1100X,Clinic/Center-Military/U.S. Coast Guard Outpatient
261QM1300X,Clinic/Center-Multi-Specialty
261QX0100X,Clinic/Center-Occupational Medicine
261QX0200X,Clinic/Center-Oncology
261QX0203X,"Clinic/Center-Oncology, Radiation"
261QS0132X,Clinic/Center-Ophthalmologic Surgery
261QS0112X,Clinic/Center-Oral and Maxillofacial Surgery
261QP3300X,Clinic/Center-Pain
261QP2000X,Clinic/Center-Physical Therapy
261QP1100X,Clinic/Center-Podiatric
261QP2300X,Clinic/Center-Primary Care
261QP2400X,Clinic/Center-Prison Health
261QP0904X,"Clinic/Center-Public Health, Federal"
261QP0905X,"Clinic/Center-Public Health, State or Local"
261QR0200X,Clinic/Center-Radiology
261QR0206X,"Clinic/Center-Radiology, Mammography"
261QR0208X,"Clinic/Center-Radiology, Mobile"
261QR0207X,"Clinic/Center-Radiology, Mobile Mammography"
261QR0800X,Clinic/Center-Recovery Care
261QR0400X,Clinic/Center-Rehabilitation
261QR0404X,"Clinic/Center-Rehabilitation, Cardiac Facilities"
261QR0401X,"Clinic/Center-Rehabilitation, Comprehensive Outpatient Rehabilitation Facility (CORF)"
261QR0405X,"Clinic/Center-Rehabilitation, Substance Use Disorder"
261QR1100X,Clinic/Center-Research
261QR1300X,Clinic/Center-Rural Health
261QS1200X,Clinic/Center-Sleep Disorder Diagnostic
261QS1000X,Clinic/Center-Student Health
261QU0200X,Clinic/Center-Urgent Care
261QV0200X,Clinic/Center-VA
273100000X,Epilepsy Unit
275N00000X,Medicare Defined Swing Bed Unit
273R00000X,Psychiatric Unit
273Y00000X,Rehabilitation Unit
276400000X,"Rehabilitation, Substance Use Disorder Unit"
287300000X,Christian Science Sanitorium
281P00000X,Chronic Disease Hospital
281PC2000X,Chronic Disease Hospital-Children
282N00000X,General Acute Care Hospital
282NC2000X,General Acute Care Hospital-Children
282NC0060X,General Acute Care Hospital-Critical Access
282NR1301X,General Acute Care Hospital-Rural
282NW0100X,General Acute Care Hospital-Women
282E00000X,Long Term Care Hospital
286500000X,Military Hospital
2865C1500X,Military Hospital-Community Health
2865M2000X,Military Hospital-Military General Acute Care Hospital
2865X1600X,Military Hospital-Military General Acute Care Hospital. Operational (Transportable)
283Q00000X,Psychiatric Hospital
283X00000X,Rehabilitation Hospital
283XC2000X,Rehabilitation Hospital-Children
282J00000X,Religious Nonmedical Health Care Institution
284300000X,Special Hospital
291U00000X,Clinical Medical Laboratory
292200000X,Dental Laboratory
291900000X,Military Clinical Medical Laboratory
293D00000X,Physiological Laboratory
302F00000X,Exclusive Provider Organization
302R00000X,Health Maintenance Organization
305S00000X,Point of Service
305R00000X,Preferred Provider Organization
311500000X,Alzheimer Center (Dementia Center)
310400000X,Assisted Living Facility
3104A0630X,"Assisted Living Facility-Assisted Living, Behavioral Disturbances"
3104A0625X,"Assisted Living Facility-Assisted Living, Mental Illness"
317400000X,Christian Science Facility
311Z00000X,Custodial Care Facility
311ZA0620X,Custodial Care Facility-Adult Care Home
315D00000X,"Hospice, Inpatient"
315P00000X,"Intermediate Care Facility, Intellectual Disabilities"
310500000X,"Intermediate Care Facility, Mental Illness"
313M00000X,Nursing Facility/Intermediate Care Facility
314000000X,Skilled Nursing Facility
3140N1450X,"Skilled Nursing Facility-Nursing Care, Pediatric"
177F00000X,Lodging
174200000X,Meals
320800000X,"Community Based Residential Treatment Facility, Mental Illness"
320900000X,"Community Based Residential Treatment Facility, Intellectual and/or Developmental Disabilities"
323P00000X,Psychiatric Residential Treatment Facility
322D00000X,"Residential Treatment Facility, Emotionally Disturbed Children"
320600000X,"Residential Treatment Facility, Intellectual and/or Developmental Disabilities"
320700000X,"Residential Treatment Facility, Physical Disabilities"
324500000X,Substance Abuse Rehabilitation Facility
3245S0500X,"Substance Abuse Rehabilitation Facility-Substance Abuse Treatment, Children"
385H00000X,Respite Care
385HR2050X,Respite Care-Respite Care Camp
385HR2055X,"Respite Care-Respite Care, Mental Illness, Child"
385HR2060X,"Respite Care-Respite Care, Intellectual and/or Developmental Disabilities, Child"
385HR2065X,"Respite Care-Respite Care, Physical Disabilities, Child"
331L00000X,Blood Bank
332100000X,Department of Veterans Affairs (VA) Pharmacy
332B00000X,Durable Medical Equipment & Medical Supplies
332BC3200X,Durable Medical Equipment & Medical Supplies-Customized Equipment
332BD1200X,Durable Medical Equipment & Medical Supplies-Dialysis Equipment & Supplies
332BN1400X,Durable Medical Equipment & Medical Supplies-Nursing Facility Supplies
332BX2000X,Durable Medical Equipment & Medical Supplies-Oxygen Equipment & Supplies
332BP3500X,Durable Medical Equipment & Medical Supplies-Parenteral & Enteral Nutrition
333300000X,Emergency Response System Companies
332G00000X,Eye Bank
332H00000X,Eyewear Supplier
332S00000X,Hearing Aid Equipment
332U00000X,Home Delivered Meals
332800000X,Indian Health Service/Tribal/Urban Indian Health (I/T/U) Pharmacy
335G00000X,Medical Foods Supplier
332000000X,Military/U.S. Coast Guard Pharmacy
332900000X,Non-Pharmacy Dispensing Site
335U00000X,Organ Procurement Organization
333600000X,Pharmacy
3336C0002X,Pharmacy-Clinic Pharmacy
3336C0003X,Pharmacy-Community/Retail Pharmacy
3336C0004X,Pharmacy-Compounding Pharmacy
3336H0001X,Pharmacy-Home Infusion Therapy Pharmacy
3336I0012X,Pharmacy-Institutional Pharmacy
3336L0003X,Pharmacy-Long Term Care Pharmacy
3336M0002X,Pharmacy-Mail Order Pharmacy
3336M0003X,Pharmacy-Managed Care Organization Pharmacy
3336N0007X,Pharmacy-Nuclear Pharmacy
3336S0011X,Pharmacy-Specialty Pharmacy
335V00000X,Portable X-ray and/or Other Portable Diagnostic Imaging Supplier
335E00000X,Prosthetic/Orthotic Supplier
344800000X,Air Carrier
341600000X,Ambulance
3416A0800X,Ambulance-Air Transport
3416L0300X,Ambulance-Land Transport
3416S0300X,Ambulance-Water Transport
347B00000X,Bus
341800000X,Military/U.S. Coast Guard Transport
3418M1120X,"Military/U.S. Coast Guard Transport-Military or U.S. Coast Guard Ambulance, Air Transport"
3418M1110X,"Military/U.S. Coast Guard Transport-Military or U.S. Coast Guard Ambulance, Ground Transport"
3418M1130X,"Military/U.S. Coast Guard Transport-Military or U.S. Coast Guard Ambulance, Water Transport"
343900000X,Non-emergency Medical Transport (VAN)
347C00000X,Private Vehicle
343800000X,Secured Medical Transport (VAN)
344600000X,Taxi
347D00000X,Train
347E00000X,Transportation Broker
342000000X,Transportation Network Company
